46 64 89 70 69 45 35 66 77 108 76 88 65 68 45 77 69
67 87 67 49 46 74 107 88 59 77 65 34 96 95 56 85 77
77 38 53 76 89 69 57 56 66 95 69 57 59 65 59 34 53
69 67 87 45 68 54 97 99 78 55 45 56 55 64 88 87 89
79 67 27 87 66 67 99 59 65 36 83 68 50 89 79 58 54
87 77 76 77 65 65 68 63 99 78 88 45 66 35 76 106 80
99 57 56 66 95 75 46 77 35 59 38 96 79 90 66 45 39
45 56 95 79 66 67 67 58 97 97 89 69 66 46 47 94 99
90 56 65 77 36 87 69 50 55 45 69 56 86 75 56 88 65
49 47 53 76 88 79 57 46 27 57 75 88 89 76 65 56 56
86 47 85 39 69 68 63 98 76 86 38 65 54 73 95 49 98
49 39 45 76 106 50 89 55 65 57 74 69 49 85 59 46 47
83 89 56 85 79 66 24 95 89 67 99 59 45 57 83 89 46
78 45 35 27 63 65 88 79 78 65 58 76 65 57 97 59 79
54 65 95 49 88 56 47 54 94 99 70 59 56 67 45 87 109
67 99 59 45 24 63 65 47 89 45 56 66 95 65 77 86 78
49 37 87 96 76 79 69 47 24 56 88 76 79 78 65 67 67
106 80 79 39 59 58 57 65 59 99 65 59 67 83 86 90 79
78 49 48 74 89 68 85 56 45 67 83 78 80 65 68 56 25
74 99 49 55 66 66 35 76 106 80 99 75 46 67 54 95 49
78 56 57 66 83 69 0 0 0 0 0 0 0 0 0 0 0
 
x1 e[51,55] v,w,x,y,z - [55,55] z
x2 e[y5,z5]
x3 
x4 e[y5,z5]
x5 e[51,55] v,w,x,y,z
x6 e[y5,z5]
x7 e[52,55] x,y,z - [55,55] z
x8 e[y5,z5]
x9 e[51,55] v,w,x,y,z [55,55] z
x10 e[53,55] x,y,z   [55,55] z
x11 [y5,z5]
x12 [y5,z5]
x13 [y5,z5]
x14 [y5,z5]
x15 [y5,z5]
x16 e[51,55]     v,w,x,y,z [55,55] z
x17 e[54,55].... x13 = 54 || 55 y | z .... probably y [55,55] z

